INDEX SCRIPTORVM · 691

Verg. Aen. 11 664 221, 1. 669, 11¹⁸. 424, Verg.Aen.111661 269, 66

66. 479, 21 676 616. 16
666 254,11 · 690 230, 12
533 215. 15 513 24, 27
593 233, 12 514 33. 6
699 250, 30 517 255, 20. 669, 5¹⁶. 424,
707 252, 25 12. 473, 25
725 242, 20. 254, 13 519 400, 17
733 145, 10 · 547 220, 33. 235, 5. 23712
774 25910. 444, 25 253, 22. 359, 5·. 424, ,
731 252, 4 13. 473, 25
735 247, 15. 537, 20 549 125. 11
111 2 394, 10. 497, 35. 554, 4 553 143. 13
3 224, 10 661 393. 23
5 523, 15 575 254, 31
22 243, 19. 479, 22 534 250, 25
42 553, 27 591 24. 27
44 135, 25 715 155, 3
43 259, 10 713 539, 3
71 255, 2 ιν 13 15, 35
33 233, 15 22 424, 35
91 257, 13 52 253, 19
100 545, 3 55 134, 15
125 31, 9 51 430, 35
127 231, 9 55 135, 24
142 225, 27 93 401, 31
145 245, 25 101 246. 14
147 535, 13 130 11, 35
135 233, 14 , 132 227, 29
202 ,25. 12 · 170 230. 14
211 253, 11. 669,10·. 400, 135 225, 25
-21, 424, 30. 479, 15 224 415, 14. 511, 12
212 257. 15 245 399, 24
225 , 255, 3 357 237. 1 ,
235 21, 4 379 252. 30
233 252, 25 331 520, 2
253 250, 19 335 253. 15
270 359, 12·. 423, 5. 425, 337 239, 4
3. 479, 24 409 241, 21
271 225. 20 415 252, 32
292 227, 35 , 419 394, 30. 554, 24·
295 229, 13 421 144, 30
297 229, 13 459 129. 1
312 224, 34 , 450 244, 24. 553, 19
325 211, 13 473 220, 34,
343 535, 23 432 221, 23. 255, 33
354 253, 23. 543, 4 493. 237, 1. 253, 5
359 397. 15 511 259, 24
332 235, 21 534 219, 24. 220, 33
334 149, 32 537 251, 22
339 149, 13 539 249, 10
399 155, 1. 553, 15 545 235, 35
409 252, 33 549 235. 23
444 535, 23 555 249, 14
447 233, 11 559 247. 25. 255, 9. 559, 2
454 424, 27. 479, 13 534 401, 1
455 527, 2 590 222, 1. 253, 23. 443,
439 145, 24 22 535, 10
492 123, 1. 557, 19 593 399, 10
495 254, 4 696 154, 25
503 106, 35 523 696, 23
517 259, 17 533 225, 7
527 305, 31. 390, 23 540 227, 22

539 333· 551 445,33.553,10

