INDEX SCRIPTORVM

Persius satir. 1,- 37 574, 8

37 35, 24. 33, 3
101. 105 25, 17
109 195, 99
4, 30 431, 34
5, 55 13, 15
75 439, 93·
0, 10 39, 99
94 494, 99
73 30, 3

Petronius 432, 25

Ρ111111113 7, 9. 20, 3. 38, 17 3 32. 400, 13.
435, 32. 441, 3. 502, 5. 533, 27. 545, 13.
548, 2. 562, 22. 565, 14

Plautus in Amphitruone prol. 117 6, 32
Aulul. prol. 2 15, 7
Bacch. v. 19 ⁹ 7, 7
Captiv. 11 2, 107 393, 31
curcul. 11 1, 13 (1) 8, 4
111 milite glorioso Vl, 4 542, 19
Mostell. 111 2, 80 428, 28. 513, 1
Pers. 111 3, 16 10, 19

111 Pseudulo 111 2, 28 8, 16. 26, 29
Rua. 1112, 19 13, 37
81151313, 113 477, 11

111 Truculento 11 2, 4 38, 18

ιιι 9, 93 903, 9

V iduzar. 16, 3

Plinius Secundus 39, 10. 133, 7; 11. 137, ’

11. 444, 3. 447, 5

Probus 413, 34. 430, 37. 431, 19. 434, 9.
{33:235- 436, 29. 495, 11. 557, 19.

Sallustius 7, 27. 11, 12. 20, 2; 10. 22, 27.
31, 15. 126, 12. 149, 4. 150. 26. 374,
29. 431, 11. 432, 21. 447, 17. 499, 7.
559, 28. 564, 24*

historiar-mn libro 1 3, 17. 24, 28. 28, 18
libro 11 3, 13. 21, 5. 111 secunda historia
7, 2. libr-0 111 16, 18. libro IV 22, 22. 28,

25. 29, 8
in catilina 3 23, 29
5 142, 18
6 129, 16
15 15, 14. 23, 34

10 93, 97
30 419, 13

36 149, 9
40 150, 20
511. 30

44 124. 8

45 85, 5
51 125, 29

in Juqurma 1 249, 1

in bello Iugurthino 144 128511, 24.z
111 Iugurthino 17 248, 13

31 432, 21

35 96, 8

43 36, 25·
iu Iugurtha 54 19, 33

75 150, 95

587

Sallustius in luqurtlza 84 542, 27

39 209, 12
, 549, 14
103 143, 17

80307113 (3) 111 tragoedia 537, 17
Scaurus 486, 9. 535, 6. 552, 32. 560, 191
21; 262 561, δ’. 562,-1 .
Seneca in Hecuba Tmad. 864 224, 22
111 Hecuba Troad. 1057 246, 19
Sergius 444, ⁶·
Servius 496, 26
Severus, Cornelius rerum Romanarum libro 1
208, 16
Sisenna scriptor historiarum 211, 28
Socrates 486, 12
Sophoclis Medea 490, 21
Statius 497, 36. 499, 15
Aetam. 1 1 537, 9. 565, 29
Theb. 1 525 505, 35
111 241 24, 9
Stoici 428, 12. 489, 22
Symmachus 488, 30

Theodorus 530, 25

Theophrastus 530, 14

Terentianus 468, 4. υ. 58 487, 11
1103 369, 7*. 424, 18.

479, 5
1300 59ος 5
1503 523, 33

Terentius 9, 9. 15, 9. 131, 30. 323, 21⁴.
533, 23. 553, 23. 559,12

Adelph. 1 1, {g ἷζε, 233}
3 ⁶⁵3 3
²
2, 44 146, 15
11 4, 21 29, 33
lll 7, 42 31, 14
lv 1,· 1³3 241, 25
V 3, 21 30, 4
Andr. 1 1, 15 561, 12.
42 155, 5
2, 7 555, 12
3, 6 488, 30
13 398, 16
5, 9 560, 3
11 2, 28 515, 30
31 22, 24. 24, 24
111 2, 4 502, 33
3, 1 24, 25. 556, 24
lv 5, 2 36, 18
3 16, 12
13 262, 28
V 4, 30 395, 1
37 212, 27
Eunueh. prol. 13 74, 8
1 2, 25 553, 30
2, 44 149, 19 ·
11 2, 26 26, 24. 126, 33
182, 26
³’ 13 133⁹ ἐξ
2
23 23, 26

