 

INDEX SCRIPTORVM 589

Verg. georg. I 246 231, 8 Verg.georg. 111 143 254, 20

812 249, 32 150 245, 25
409 249, 4 , - 184 211, 25. 241, 33
415 247, 16 540, 24*
429 249, 34 196 241, 19
437 259, 6 ·- · 201 249, 6
442 519, 19 212 252, 29
457 240, 3- 213 552, 29
479 562, 24 229 439, 3
492 425, 16 245 92, 27
509 260, 32 925 246, 7. 416, 19
11 1 260, 26 429, 22
5 257, 10 991 401, 15. 565, 20
32 249, 19 396 239, 21
40 222, 96 · 399 455,1
44 554, 9 406 250, 6
46 254, 12 435 251, 11
49 252, 16 442 221,12
59 254, 26 494 247, 15
63 260, 30 492 542, 21
67 227, 29 499 249, 12
69 261, 26 , 514 253, 19
69 229, 9 549 454, 33
93 220, 2. 250, 9 556 251, 9
96 22, 21 lv 2 225, 13
93 19,1 36 262, 10 ,
124 260, 29 91 6, 17. 21, 25 ’
132 249, 10 96 261, 7
149 239, 21 125 236, 5. 252, 7
159 229, 31 139 220, 3
167 ’229, 94 , , - 195 246, 6
169 260, 10 ν· -ν 260 249, 5
169 407, 6. 490, 19 · 279 235, 7
170 540, 3 293. 510, 27, 517, 29
177 233, 20 910 26, 19
190 257,· 31 312 247. 3
204 233, 19 319 230, 19. 496, 9
241 211, 22 959 236, 14
243 224, 35 397 256, 29
279 260, 24 · -399 255,19
293 252, 29 409 92, 27
297 246, 19 , 420 262, 11
299 479, 29 437 233, 17
301 295, 24 463 225, 13
339 233, 6 - 467 263, 34
365 252, 10 490 247, 9
395 245, 24 496 262, 7
410 239, 31 509 230, 25
420 254, 5 566 237, 96
488 281. 23 Aeneidos Ι 1 41, 10. 425, 16. 480,
451 517, 10 2. 495, 6. 535, 4
493 252, 3 2 25919. 392, 13. 396,
496 240, 33 14. 444, 19. 511, 34
536 399, 11 3 264, 12. 396, 29
542 401, 27 6 253, 23
ιιι 1 223, 2. 233, 1 9 450, 1
42 236, 4. 247, 24 10 253, 23
53 255, 25. 391, 15 16 233, 6. 259, 9. 397,
64 24, 13 · 24. 559, 19
73 250, 91 19 244, 28
99 227, 17 24 419, 9. 517, 21
94 229, 14 30 29, 20.392,11.444, 19
115 211, 26 37 145, 17. 395, 12

185 ’401, 2 39 251, 20

