νει-ς. Aen. ΧΠ 273
280
298
303
316
331
333
342
359

403-

421
446
449
456
483
518
519
558
566

231, 25
255, 14
253, 6

261, 31
557, 22
253, 33
245, 15
246, 30

247, 21. 402, 14

247, 17
251, 13
281, 19
238, 4·
233, 81
250, 15
231, 19
82, 38

248, 19
254, 12

INDEX SCRIPTORVM

. 261, 3

Verg. Aen. ΧΠ 572 227, 9. 424, 24

574
594
616
653
679
711
722
733
738
758
770
781
808
832
905
931
935

248, 8
250, 35
248, 20
595, e

248, 27
255, 18
258, 11
252, 8

127, 19
281, 14
210, 25
251, 3

254, 10
247, 29

425, 17. 480, 16

251, 17
235, 21

38*

595

