INDEX· SCRIPTORVM

Verg. Aen. VH ’41 “ 236,“3.ι239, 18 Verg. Aen.v111 127
96 219, 24. 248, 2 154
98 233, 25 , 168

· 116 247, 44. 440, 3 185

. 128 225, 32. 230, 17 207
133 400, 9 220
142 227, 15 223
147 400, ,9 ι. 233
148 . 230, 31 259
178 259,,21 274
200 234, 3 . · ’ · 284
226 260, 21 299
244 259, 25 334
260 234, 37 338
277 209, 29 344
289 155,·8. 517, 26. 564, 347
293 210, ’27 360
304 232, 19 369
324 229, 2 373
331 220, 30 402
357 249, 28. 251, 1 · 404
360 233, 1 406
363 402, 33 409
378 210, 32 426
380 195, 24 427
383 260, 20 429
390 252, 13 436
399 385, 26. 393, 20. 428, 466

21. 439, 1. 446, 23. 470

· 563, 23 472
410 256, 31 478
415 223, 21 · 483
426 538, 15 521
429 252, 31 540
452 222, 36. 232, 16 560
464 263, 24 576
481 260, 9 · 616
501 30, 10 > 630
513 262, 30 668 ·
517 15, 30 677
535 254, 4
547 251, 26 · 680
579 210, 29 688
586 225, 32 ,, 705
589 226, 2. 230, 25 lX 1
601 226, 24 2
608 259, 26 6
626 38, 22 11
635 226, 24 18
693 250, 14 26
742 12, 3 36

768 242, 1 38
775 . 532, 27 47
787 248, 16 89
808 233, 5 110
vlll 1 246, 12 , 153
7 222, 14. 409, 19 184
18 234, 3 210
69 250, 27 321
77 4, 16. 498, 20 325
83 372, ,8. 418, 16 326
97 224, 3 347

119. 527, 8 358
GRAMMAT. LAT. 1111.

, 250,
440,

593

’1
1
540, 24·

214, 3

128, 3

231, 13

533. 22

203, 20

254, 23

233, 27

128,27

220, 23. 227, 3
251, 8

513, 5

3, 13. 228, 18
553, 21

226, 28

16,11*’

473, 27

336, 21

528, 14

525, 16

447, 18

24, 7 “

36, 6

224, 25

12, 8

36, 7

225, 6; 22

250, 2

255, 6

246, 31 ,

448, 5

225, 18

223, 28

443, 26. 510, 13
245, 18. 261, 25
330, 3ο

263, 3

223, 21

241, 21; 30. 332, 17.
505, 34

365, 31. 330, 28
256, 13. 562, 23
226, 22

263, 29. 336, 25
223, 7 ·
223, 26

237, 5

223, 23

263, 22; 24. 548, 3
535, 16

247, 26. 256, 10. 553, 4
372, 4

236, 5

227, 11

255, 21

262, 2·

261, 17

553, 24

123, 25. 542, 3
478, 28

246, 30

130, 6. 203, 27. 541, 27

38

