———--—.- -ἿἾ- — *ἡ ffl—- ,-

588

Terentius Eunuclz. 11 3, 27

heaut. timor. 1 1, 89

Hecyr. 111 5, 45

INDEX SCRIPTORVM

213,21
111 1, 10 542,13
32 553, 29
5, 37 12, 3
3, 25 543, 2 ,
1v 4,10 501, 38
5, 3 400, 11
7, 45 25, 9
19,17
11 3, 43 25, 32
111 1, 51 84, 21
503, 32.
552,20
1v 3, 4 37, 12

Phorm. 1 4, 9 17, 4

1v 3, 13 142, 13

61 31, 33

Trogus Pompeius 565, 24
Tyrannion 529, 10. 530, 10

Varro, P. Terentius Atacinus 228, 21·. 396,

21*. 399, 20

Verre), M. Terentius 31, 2. 48, 37. 127, 31.
152, 30; 38. 214, 33. 432, 25. 492, 37.
519, 12. 520, 18. 529, 15. 530, 1ος 26.
564, 17. in Aetiis 31, 23. de lingua Latina
30, 27. de lingua Latina V 5 104 7, 5

Verginius 89, 20. 130, 29. 182, 23; 32. 195,
23. 223, 25. 233,11

,5113011000 1, 5
15
30
59
60
69
70
71
74
81

2, 1
6
τ 7
2, 11
14
22
24
45
63
65
3, 6
8
12
25
32
33
64
90
95
100
’106
4, 1
8

233, 23

234, 13

209, 20

420, 11. 443, 3
225, 1

149, 2

13, 14

231, 13. 400, 3
230, 21

133, 3

397, 23

437, 21

229, 23. 250, 11. 520, 3.
232, 31

230, 13

250, 13

7, 5

523, 32. 523, 12
154, 37

32, 27. 432, 11
253, 7

234, 9

250, 24

223, 23

412, 24 .

133, 23

232, 21

230, 4

402, 19

129, 10. 225, 24
253, 2

213, 19

437, 20

250, 19

Vel-g. bucol. 5, 2 241, 35
5 252, 6
- 6 248, 17
5, 39 227, 3
45 233, 32
46 233, 32
50 250, 7
85 238, 15
6, 13 226, 15
21 18, 26
47 219, 23
61 259, 8
62 209, 20. 393, 31.
446, 36
76 395, 16
7, 1 247, 33
8 . 149, 7
21 231, 10
33 260, 1
47 262, 4
8, 44 226, 16
69 231, 13
71 412, 25. 504, 41
83 230, 29
87 254, 14
9, 2 223, 6. 229, 22
5 252, 18
11 238, 25
14 252, 9
15 254, 1
39 236, 24. 558, 16
40 213, 20
46 229, 28
47 247, 22
53 261, 11
56 237, 15
58 228, 15
10, 10 231, 11
12 258, 10
16 556, 22
23 260,-15
35 247, 27
37 250, 16. 251, 21
49 520, 1
50 552, 21
67 12, 3
69 257, 10 479, 9
georgicon l 1 79, 33
6 236, 33. 237, 22
· 7 12, 3
31 227, 5
35 226, 16
. 55 250, 8
. 100 124, 3
106 247, 14
115 252, 12 ,
134 250, 18
137 263, 3
187 243, 22. 539, 19
198 226, 11
208 3, 15
211 254, 23
219 14, 7
227 250, 5

